Layer: 0:[2.6894216820745185, 16.0, 0.2, 270.0, 520.0]
Layer: 1:[2.6894216820745185, 16.0, 0.2, 270.0, 520.0]
Layer: 2:[2.6894216820745185, 16.0, 0.2, 270.0, 520.0]
Layer: 3:[2.331887252732079, 16.0, 0.2, 420.0, 420.0]
Layer: 4:[2.331887252732079, 16.0, 0.2, 420.0, 420.0]
Layer: 5:[2.331887252732079, 16.0, 0.2, 420.0, 420.0]
Layer: 6:[1.9504745558936998, 16.0, 0.2, 370.0, 370.0]
Layer: 7:[1.9504745558936998, 16.0, 0.2, 370.0, 370.0]
Layer: 8:[1.9504745558936998, 16.0, 0.2, 370.0, 370.0]
Layer: 9:[1.5685107070620699, 1.0, 0.2, 20.0, 320.0]
Layer: 10:[1.5685107070620699, 1.0, 0.2, 20.0, 320.0]
Layer: 11:[1.5685107070620699, 1.0, 0.2, 20.0, 320.0]
Layer: 12:[1.217388374026459, 16.0, 0.2, 20.0, 270.0]
Layer: 13:[1.217388374026459, 16.0, 0.2, 20.0, 270.0]
Layer: 14:[1.217388374026459, 16.0, 0.2, 20.0, 270.0]
