Layer: 0:[2.694011125470152, 2.0, 0.44999999999999996, 115.0, 225.0]
Layer: 1:[2.694011125470152, 2.0, 0.44999999999999996, 115.0, 225.0]
Layer: 2:[2.694011125470152, 2.0, 0.44999999999999996, 115.0, 225.0]
Layer: 3:[2.694011125470152, 2.0, 0.44999999999999996, 115.0, 225.0]
Layer: 4:[2.694011125470152, 2.0, 0.44999999999999996, 115.0, 225.0]
Layer: 5:[2.694011125470152, 2.0, 0.44999999999999996, 115.0, 225.0]
Layer: 6:[2.694011125470152, 2.0, 0.44999999999999996, 115.0, 225.0]
Layer: 7:[1.8408055919231756, 4.0, 0.39999999999999997, 55.0, 165.0]
Layer: 8:[1.8408055919231756, 4.0, 0.39999999999999997, 55.0, 165.0]
Layer: 9:[1.8408055919231756, 4.0, 0.39999999999999997, 55.0, 165.0]
Layer: 10:[1.8408055919231756, 4.0, 0.39999999999999997, 55.0, 165.0]
Layer: 11:[1.8408055919231756, 4.0, 0.39999999999999997, 55.0, 165.0]
Layer: 12:[1.8408055919231756, 4.0, 0.39999999999999997, 55.0, 165.0]
Layer: 13:[1.8408055919231756, 4.0, 0.39999999999999997, 55.0, 165.0]
Layer: 14:[1.039604932010764, 6.0, 0.39999999999999997, 45.0, 130.0]
