Layer: 0:[2.694011125470152, 2.0, 0.44999999999999996, 115.0, 225.0]
Layer: 1:[2.694011125470152, 2.0, 0.44999999999999996, 115.0, 225.0]
Layer: 2:[2.694011125470152, 2.0, 0.44999999999999996, 115.0, 225.0]
Layer: 3:[2.694011125470152, 2.0, 0.44999999999999996, 115.0, 225.0]
Layer: 4:[2.694011125470152, 2.0, 0.44999999999999996, 115.0, 225.0]
Layer: 5:[2.694011125470152, 2.0, 0.44999999999999996, 115.0, 225.0]
Layer: 6:[2.694011125470152, 2.0, 0.44999999999999996, 115.0, 225.0]
Layer: 7:[2.694011125470152, 2.0, 0.44999999999999996, 115.0, 225.0]
Layer: 8:[2.694011125470152, 2.0, 0.44999999999999996, 115.0, 225.0]
Layer: 9:[2.694011125470152, 2.0, 0.44999999999999996, 115.0, 225.0]
Layer: 10:[2.694011125470152, 2.0, 0.44999999999999996, 115.0, 225.0]
Layer: 11:[2.694011125470152, 2.0, 0.44999999999999996, 115.0, 225.0]
Layer: 12:[2.694011125470152, 2.0, 0.44999999999999996, 115.0, 225.0]
Layer: 13:[2.694011125470152, 2.0, 0.44999999999999996, 115.0, 225.0]
Layer: 14:[2.694011125470152, 2.0, 0.44999999999999996, 115.0, 225.0]
