Layer: 0:[2.7398139500381924, 2.0, 0.2, 120.0, 370.0]
Layer: 1:[2.7398139500381924, 2.0, 0.2, 120.0, 370.0]
Layer: 2:[2.7398139500381924, 2.0, 0.2, 120.0, 370.0]
Layer: 3:[2.3982747068499575, 2.0, 0.2, 170.0, 370.0]
Layer: 4:[2.3982747068499575, 2.0, 0.2, 170.0, 370.0]
Layer: 5:[2.3982747068499575, 2.0, 0.2, 170.0, 370.0]
Layer: 6:[2.0180136708929988, 2.0, 0.2, 170.0, 370.0]
Layer: 7:[2.0180136708929988, 2.0, 0.2, 170.0, 370.0]
Layer: 8:[2.0180136708929988, 2.0, 0.2, 170.0, 370.0]
Layer: 9:[1.6256970263943815, 2.0, 0.2, 170.0, 370.0]
Layer: 10:[1.6256970263943815, 2.0, 0.2, 170.0, 370.0]
Layer: 11:[1.6256970263943815, 2.0, 0.2, 170.0, 370.0]
Layer: 12:[1.2595231773829696, 2.0, 0.2, 70.0, 270.0]
Layer: 13:[1.2595231773829696, 2.0, 0.2, 70.0, 270.0]
Layer: 14:[1.2595231773829696, 2.0, 0.2, 70.0, 270.0]
