Layer: 0:[2.6916315248697114, 1.0, 0.44999999999999996, 40.0, 225.0]
Layer: 1:[2.6916315248697114, 1.0, 0.44999999999999996, 40.0, 225.0]
Layer: 2:[2.6916315248697114, 1.0, 0.44999999999999996, 40.0, 225.0]
Layer: 3:[2.6916315248697114, 1.0, 0.44999999999999996, 40.0, 225.0]
Layer: 4:[2.6916315248697114, 1.0, 0.44999999999999996, 40.0, 225.0]
Layer: 5:[2.6916315248697114, 1.0, 0.44999999999999996, 40.0, 225.0]
Layer: 6:[2.6916315248697114, 1.0, 0.44999999999999996, 40.0, 225.0]
Layer: 7:[2.6916315248697114, 1.0, 0.44999999999999996, 40.0, 225.0]
Layer: 8:[2.6916315248697114, 1.0, 0.44999999999999996, 40.0, 225.0]
Layer: 9:[2.6916315248697114, 1.0, 0.44999999999999996, 40.0, 225.0]
Layer: 10:[2.6916315248697114, 1.0, 0.44999999999999996, 40.0, 225.0]
Layer: 11:[2.6916315248697114, 1.0, 0.44999999999999996, 40.0, 225.0]
Layer: 12:[2.6916315248697114, 1.0, 0.44999999999999996, 40.0, 225.0]
Layer: 13:[2.6916315248697114, 1.0, 0.44999999999999996, 40.0, 225.0]
Layer: 14:[2.6916315248697114, 1.0, 0.44999999999999996, 40.0, 225.0]
