Layer: 0:[2.6908735974000235, 2.0, 0.4000000000000001, 120.0, 270.0]
Layer: 1:[2.6908735974000235, 2.0, 0.4000000000000001, 120.0, 270.0]
Layer: 2:[2.6908735974000235, 2.0, 0.4000000000000001, 120.0, 270.0]
Layer: 3:[2.339222547323397, 2.0, 0.4000000000000001, 120.0, 220.0]
Layer: 4:[2.339222547323397, 2.0, 0.4000000000000001, 120.0, 220.0]
Layer: 5:[2.339222547323397, 2.0, 0.4000000000000001, 120.0, 220.0]
Layer: 6:[1.9660670346552784, 5.0, 0.4000000000000001, 20.0, 170.0]
Layer: 7:[1.9660670346552784, 5.0, 0.4000000000000001, 20.0, 170.0]
Layer: 8:[1.9660670346552784, 5.0, 0.4000000000000001, 20.0, 170.0]
Layer: 9:[1.5893282861992866, 3.0, 0.4000000000000001, 70.0, 170.0]
Layer: 10:[1.5893282861992866, 3.0, 0.4000000000000001, 70.0, 170.0]
Layer: 11:[1.5893282861992866, 3.0, 0.4000000000000001, 70.0, 170.0]
Layer: 12:[1.2345022229865046, 3.0, 0.4000000000000001, 120.0, 120.0]
Layer: 13:[1.2345022229865046, 3.0, 0.4000000000000001, 120.0, 120.0]
Layer: 14:[1.2345022229865046, 3.0, 0.4000000000000001, 120.0, 120.0]
