Layer: 0:[2.6693440824452015, 2.0, 0.2, 120.0, 370.0]
Layer: 1:[2.6693440824452015, 2.0, 0.2, 120.0, 370.0]
Layer: 2:[2.6693440824452015, 2.0, 0.2, 120.0, 370.0]
Layer: 3:[2.3275301980500176, 2.0, 0.2, 170.0, 370.0]
Layer: 4:[2.3275301980500176, 2.0, 0.2, 170.0, 370.0]
Layer: 5:[2.3275301980500176, 2.0, 0.2, 170.0, 370.0]
Layer: 6:[1.9506387049608893, 2.0, 0.2, 170.0, 370.0]
Layer: 7:[1.9506387049608893, 2.0, 0.2, 170.0, 370.0]
Layer: 8:[1.9506387049608893, 2.0, 0.2, 170.0, 370.0]
Layer: 9:[1.568809465842672, 2.0, 0.2, 170.0, 320.0]
Layer: 10:[1.568809465842672, 2.0, 0.2, 170.0, 320.0]
Layer: 11:[1.568809465842672, 2.0, 0.2, 170.0, 320.0]
Layer: 12:[1.2178196859831858, 2.0, 0.2, 70.0, 270.0]
Layer: 13:[1.2178196859831858, 2.0, 0.2, 70.0, 270.0]
Layer: 14:[1.2178196859831858, 2.0, 0.2, 70.0, 270.0]
