Layer: 0:[2.694011125470152, 2.0, 0.44999999999999996, 115.0, 225.0]
Layer: 1:[2.694011125470152, 2.0, 0.44999999999999996, 115.0, 225.0]
Layer: 2:[2.694011125470152, 2.0, 0.44999999999999996, 115.0, 225.0]
Layer: 3:[2.341192149171735, 3.0, 0.44999999999999996, 65.0, 195.0]
Layer: 4:[2.341192149171735, 3.0, 0.44999999999999996, 65.0, 195.0]
Layer: 5:[2.341192149171735, 3.0, 0.44999999999999996, 65.0, 195.0]
Layer: 6:[1.9666638043847415, 3.0, 0.39999999999999997, 75.0, 175.0]
Layer: 7:[1.9666638043847415, 3.0, 0.39999999999999997, 75.0, 175.0]
Layer: 8:[1.9666638043847415, 3.0, 0.39999999999999997, 75.0, 175.0]
Layer: 9:[1.5927978515625, 4.0, 0.39999999999999997, 55.0, 155.0]
Layer: 10:[1.5927978515625, 4.0, 0.39999999999999997, 55.0, 155.0]
Layer: 11:[1.5927978515625, 4.0, 0.39999999999999997, 55.0, 155.0]
Layer: 12:[1.245908246181979, 5.0, 0.39999999999999997, 50.0, 140.0]
Layer: 13:[1.245908246181979, 5.0, 0.39999999999999997, 50.0, 140.0]
Layer: 14:[1.245908246181979, 5.0, 0.39999999999999997, 50.0, 140.0]
