Layer: 0:[2.2642393282144377, 2.0, 0.2, 170.0, 170.0]
Layer: 1:[2.2642393282144377, 2.0, 0.2, 170.0, 170.0]
Layer: 2:[2.2642393282144377, 2.0, 0.2, 170.0, 170.0]
Layer: 3:[1.9806312447727317, 2.0, 0.2, 170.0, 170.0]
Layer: 4:[1.9806312447727317, 2.0, 0.2, 170.0, 170.0]
Layer: 5:[1.9806312447727317, 2.0, 0.2, 170.0, 170.0]
Layer: 6:[1.6721067164203909, 2.0, 0.2, 20.0, 120.0]
Layer: 7:[1.6721067164203909, 2.0, 0.2, 20.0, 120.0]
Layer: 8:[1.6721067164203909, 2.0, 0.2, 20.0, 120.0]
Layer: 9:[1.36029051318027, 2.0, 0.2, 20.0, 120.0]
Layer: 10:[1.36029051318027, 2.0, 0.2, 20.0, 120.0]
Layer: 11:[1.36029051318027, 2.0, 0.2, 20.0, 120.0]
Layer: 12:[1.0668925644147516, 2.0, 0.2, 120.0, 120.0]
Layer: 13:[1.0668925644147516, 2.0, 0.2, 120.0, 120.0]
Layer: 14:[1.0668925644147516, 2.0, 0.2, 120.0, 120.0]
