Layer: 0:[2.694011125470152, 2.0, 0.44999999999999996, 115.0, 225.0]
Layer: 1:[2.5776701936627378, 2.0, 0.44999999999999996, 115.0, 215.0]
Layer: 2:[2.460921880514315, 3.0, 0.44999999999999996, 65.0, 200.0]
Layer: 3:[2.341192149171735, 3.0, 0.44999999999999996, 65.0, 195.0]
Layer: 4:[2.2180347310434474, 3.0, 0.44999999999999996, 70.0, 185.0]
Layer: 5:[2.0927600142979386, 3.0, 0.44999999999999996, 70.0, 180.0]
Layer: 6:[1.9666638043847415, 3.0, 0.39999999999999997, 75.0, 175.0]
Layer: 7:[1.8408055919231756, 4.0, 0.39999999999999997, 55.0, 165.0]
Layer: 8:[1.715973217652576, 4.0, 0.39999999999999997, 55.0, 160.0]
Layer: 9:[1.5927978515625, 4.0, 0.39999999999999997, 55.0, 155.0]
Layer: 10:[1.4724599460564038, 4.0, 0.39999999999999997, 60.0, 150.0]
Layer: 11:[1.356850019775995, 5.0, 0.39999999999999997, 45.0, 145.0]
Layer: 12:[1.245908246181979, 5.0, 0.39999999999999997, 50.0, 140.0]
Layer: 13:[1.1398558899907782, 6.0, 0.39999999999999997, 40.0, 135.0]
Layer: 14:[1.039604932010764, 6.0, 0.39999999999999997, 45.0, 130.0]
