Layer: 0:[2.694011125470152, 2.0, 0.44999999999999996, 115.0, 225.0]
Layer: 1:[2.694011125470152, 2.0, 0.44999999999999996, 115.0, 225.0]
Layer: 2:[2.694011125470152, 2.0, 0.44999999999999996, 115.0, 225.0]
Layer: 3:[2.694011125470152, 2.0, 0.44999999999999996, 115.0, 225.0]
Layer: 4:[2.694011125470152, 2.0, 0.44999999999999996, 115.0, 225.0]
Layer: 5:[2.0927600142979386, 3.0, 0.44999999999999996, 70.0, 180.0]
Layer: 6:[2.0927600142979386, 3.0, 0.44999999999999996, 70.0, 180.0]
Layer: 7:[2.0927600142979386, 3.0, 0.44999999999999996, 70.0, 180.0]
Layer: 8:[2.0927600142979386, 3.0, 0.44999999999999996, 70.0, 180.0]
Layer: 9:[2.0927600142979386, 3.0, 0.44999999999999996, 70.0, 180.0]
Layer: 10:[1.4724599460564038, 4.0, 0.39999999999999997, 60.0, 150.0]
Layer: 11:[1.4724599460564038, 4.0, 0.39999999999999997, 60.0, 150.0]
Layer: 12:[1.4724599460564038, 4.0, 0.39999999999999997, 60.0, 150.0]
Layer: 13:[1.4724599460564038, 4.0, 0.39999999999999997, 60.0, 150.0]
Layer: 14:[1.4724599460564038, 4.0, 0.39999999999999997, 60.0, 150.0]
