Layer: 0:[2.6692279815673827, 1.0, 0.2, 20.0, 370.0]
Layer: 1:[2.6692279815673827, 1.0, 0.2, 20.0, 370.0]
Layer: 2:[2.6692279815673827, 1.0, 0.2, 20.0, 370.0]
Layer: 3:[2.3273639924455396, 1.0, 0.2, 20.0, 370.0]
Layer: 4:[2.3273639924455396, 1.0, 0.2, 20.0, 370.0]
Layer: 5:[2.3273639924455396, 1.0, 0.2, 20.0, 370.0]
Layer: 6:[1.9504545513946232, 1.0, 0.2, 20.0, 370.0]
Layer: 7:[1.9504545513946232, 1.0, 0.2, 20.0, 370.0]
Layer: 8:[1.9504545513946232, 1.0, 0.2, 20.0, 370.0]
Layer: 9:[1.5685107070620699, 1.0, 0.2, 20.0, 320.0]
Layer: 10:[1.5685107070620699, 1.0, 0.2, 20.0, 320.0]
Layer: 11:[1.5685107070620699, 1.0, 0.2, 20.0, 320.0]
Layer: 12:[1.2173669673428678, 1.0, 0.2, 20.0, 270.0]
Layer: 13:[1.2173669673428678, 1.0, 0.2, 20.0, 270.0]
Layer: 14:[1.2173669673428678, 1.0, 0.2, 20.0, 270.0]
